Table 1. Correlation for predictors:

        lcavol lweight   age   lbph    svi    lcp gleason  pgg45
lcavol   1.000   0.300 0.286  0.063  0.593  0.692   0.426  0.483
lweight  0.300   1.000 0.317  0.437  0.181  0.157   0.024  0.074
age      0.286   0.317 1.000  0.287  0.129  0.173   0.366  0.276
lbph     0.063   0.437 0.287  1.000 -0.139 -0.089   0.033 -0.030
svi      0.593   0.181 0.129 -0.139  1.000  0.671   0.307  0.481
lcp      0.692   0.157 0.173 -0.089  0.671  1.000   0.476  0.663
gleason  0.426   0.024 0.366  0.033  0.307  0.476   1.000  0.757
pgg45    0.483   0.074 0.276 -0.030  0.481  0.663   0.757  1.000


Table 2. Best rss in subset selection model:

       1        2        3        4        5        6        7        8 
44.52858 37.09185 34.90775 32.81499 32.06945 30.53978 29.43730 29.42638 
